762
90333090;41.52502;-6.929883;-0.1209493;0.7247484
90334491;41.5259;-6.929912;-0.1209498;0.7247636
90334492;41.5262;-6.929898;-0.1209495;0.724769
90334495;41.52642;-6.930949;-0.1209679;0.7247727
90334496;41.52712;-6.932157;-0.120989;0.724785
90334497;41.52966;-6.932609;-0.1209969;0.7248294
90334499;41.53216;-6.93642;-0.1210634;0.7248729
90334500;41.53225;-6.936754;-0.1210692;0.7248746
90334502;41.53271;-6.941535;-0.1211526;0.7248825
90334504;41.53285;-6.942868;-0.1211759;0.7248849
90334505;41.53281;-6.943207;-0.1211818;0.7248843
90334506;41.53257;-6.944398;-0.1212026;0.7248802
90334508;41.53324;-6.945592;-0.1212234;0.7248918
90334509;41.53351;-6.947011;-0.1212482;0.7248966
90334510;41.53286;-6.948841;-0.1212802;0.7248852
90334511;41.5321;-6.951272;-0.1213226;0.7248718
90334513;41.53191;-6.954241;-0.1213744;0.7248685
90334515;41.532;-6.954579;-0.1213803;0.7248701
90334516;41.53319;-6.956065;-0.1214062;0.7248909
90334518;41.53523;-6.957767;-0.1214359;0.7249265
90338641;41.53192;-6.963189;-0.1215306;0.7248688
90338642;41.53288;-6.963003;-0.1215273;0.7248854
90338643;41.53374;-6.963109;-0.1215292;0.7249005
90338823;41.53479;-6.963414;-0.1215345;0.7249188
90338824;41.53494;-6.964069;-0.1215459;0.7249215
90339385;41.53368;-6.96748;-0.1216055;0.7248994
90339386;41.53415;-6.969314;-0.1216375;0.7249076
90339387;41.53415;-6.969873;-0.1216472;0.7249077
90339388;41.53209;-6.975224;-0.1217406;0.7248717
90339412;41.5418;-6.972776;-0.1216979;0.7250412
90339547;41.53615;-6.968699;-0.1216267;0.7249426
90339548;41.53813;-6.968239;-0.1216187;0.7249771
90339549;41.53812;-6.967707;-0.1216094;0.724977
90339550;41.53812;-6.967322;-0.1216027;0.7249769
90339551;41.53976;-6.965964;-0.121579;0.7250057
90339552;41.54012;-6.965621;-0.121573;0.7250118
90339553;41.54051;-6.965512;-0.1215711;0.7250186
90340049;41.53823;-6.962256;-0.1215143;0.724979
90340050;41.53997;-6.964709;-0.1215571;0.7250093
90340053;41.54012;-6.971002;-0.1216669;0.7250119
90340055;41.54135;-6.972703;-0.1216966;0.7250333
90340056;41.54273;-6.972872;-0.1216996;0.7250575
90340057;41.54512;-6.972532;-0.1216936;0.7250991
90340058;41.54601;-6.974216;-0.121723;0.7251146
90340059;41.54679;-6.975217;-0.1217405;0.7251282
90340060;41.54759;-6.975862;-0.1217518;0.7251423
90344288;41.53918;-6.960872;-0.1214901;0.7249956
90344289;41.53979;-6.960739;-0.1214878;0.7250061
90344290;41.54001;-6.960587;-0.1214852;0.7250099
90344292;41.54054;-6.959877;-0.1214728;0.7250192
90344293;41.54113;-6.959708;-0.1214698;0.7250294
90344295;41.54346;-6.959254;-0.1214619;0.7250702
90348390;41.5356;-6.963964;-0.1215441;0.724933
90348391;41.53636;-6.963969;-0.1215442;0.7249463
90348393;41.53765;-6.962957;-0.1215265;0.7249689
90348394;41.53868;-6.96143;-0.1214999;0.7249867
90349439;41.53391;-6.961312;-0.1214978;0.7249034
90349440;41.53442;-6.959738;-0.1214703;0.7249123
90349441;41.53616;-6.958529;-0.1214492;0.7249427
90349442;41.53764;-6.960004;-0.121475;0.7249686
90349443;41.53775;-6.960222;-0.1214788;0.7249705
90349445;41.53904;-6.960242;-0.1214791;0.7249929
90349446;41.53917;-6.960741;-0.1214878;0.7249952
1225715793;41.53418;-6.95998;-0.1214746;0.7249082
1225715806;41.53509;-6.957893;-0.1214381;0.724924
1225715815;41.53527;-6.95982;-0.1214718;0.7249272
1225715817;41.5348;-6.960804;-0.121489;0.724919
1225715846;41.53462;-6.960251;-0.1214793;0.7249159
1225715869;41.53412;-6.960405;-0.121482;0.7249072
1225715875;41.5352;-6.959747;-0.1214705;0.7249259
1225715886;41.53521;-6.960141;-0.1214774;0.7249261
1225715912;41.53414;-6.959921;-0.1214735;0.7249075
1225715917;41.53405;-6.960721;-0.1214875;0.7249059
1225715935;41.5354;-6.957907;-0.1214384;0.7249296
1225715961;41.53544;-6.95986;-0.1214725;0.7249302
1225715966;41.53482;-6.9613;-0.1214976;0.7249193
1225715977;41.53418;-6.959651;-0.1214688;0.7249082
1225715983;41.53418;-6.960203;-0.1214785;0.7249082
1225715987;41.53439;-6.959421;-0.1214648;0.7249119
1225716025;41.53414;-6.959721;-0.12147;0.7249075
1225716062;41.53442;-6.959883;-0.1214729;0.7249123
1225716070;41.53461;-6.959737;-0.1214703;0.7249157
1225716093;41.53446;-6.959947;-0.121474;0.7249131
1225716096;41.53477;-6.961337;-0.1214982;0.7249185
1225716113;41.53425;-6.959614;-0.1214682;0.7249094
1225716116;41.53422;-6.960116;-0.1214769;0.7249089
1225716142;41.53469;-6.959799;-0.1214714;0.7249171
1225716168;41.53391;-6.961014;-0.1214926;0.7249034
1225716200;41.5336;-6.962626;-0.1215207;0.724898
1225716224;41.53483;-6.961195;-0.1214958;0.7249196
1225716239;41.53463;-6.959463;-0.1214655;0.7249161
1225716264;41.53502;-6.960239;-0.1214791;0.7249228
1225716269;41.53362;-6.962294;-0.1215149;0.7248983
1225716273;41.53451;-6.960062;-0.121476;0.7249139
1225716277;41.53469;-6.961323;-0.121498;0.7249171
1225716313;41.53432;-6.95962;-0.1214683;0.7249106
1225716319;41.53371;-6.962137;-0.1215122;0.7249001
1225716337;41.53517;-6.957721;-0.1214351;0.7249255
1225716349;41.53466;-6.960146;-0.1214775;0.7249165
1225716392;41.53412;-6.960173;-0.1214779;0.7249072
1225716407;41.53443;-6.960036;-0.1214755;0.7249125
1225716409;41.53459;-6.961251;-0.1214968;0.7249154
1225716459;41.53475;-6.959441;-0.1214652;0.7249181
1225716464;41.53457;-6.960184;-0.1214781;0.724915
1225716468;41.53463;-6.96129;-0.1214974;0.724916
1225716474;41.53437;-6.959664;-0.1214691;0.7249116
1225716534;41.53414;-6.960092;-0.1214765;0.7249075
1225716537;41.53511;-6.957549;-0.1214321;0.7249244
1225716554;41.5345;-6.960087;-0.1214764;0.7249138
1225716558;41.53458;-6.961185;-0.1214956;0.7249151
1225716564;41.53436;-6.959988;-0.1214747;0.7249113
1225716594;41.53442;-6.959816;-0.1214717;0.7249125
1225716601;41.5348;-6.958688;-0.121452;0.724919
1225716663;41.53424;-6.960014;-0.1214752;0.7249092
1225716700;41.53444;-6.959455;-0.1214654;0.7249127
1225716714;41.53522;-6.959919;-0.1214735;0.7249264
1225716740;41.53533;-6.959766;-0.1214708;0.7249283
1225716743;41.53602;-6.959632;-0.1214685;0.7249403
1225716747;41.53415;-6.960002;-0.121475;0.7249076
1225716772;41.53454;-6.960298;-0.1214801;0.7249145
1225716777;41.5343;-6.960016;-0.1214752;0.7249103
1346217076;41.5322;-6.968847;-0.1216293;0.7248737
1346217078;41.5328;-6.967182;-0.1216003;0.7248841
1346217082;41.53276;-6.963993;-0.1215446;0.7248834
1346217087;41.53179;-6.968489;-0.1216231;0.7248665
1346217094;41.53217;-6.96751;-0.121606;0.724873
1375774778;41.53743;-6.964861;-0.1215598;0.724965
1375774782;41.53793;-6.964629;-0.1215557;0.7249736
1375774783;41.53798;-6.966778;-0.1215932;0.7249746
1375774786;41.5382;-6.965208;-0.1215658;0.7249784
1375774788;41.53809;-6.967075;-0.1215984;0.7249764
1375774790;41.53831;-6.964762;-0.121558;0.7249802
1375774792;41.53836;-6.965925;-0.1215783;0.7249812
1375774794;41.53873;-6.966989;-0.1215969;0.7249877
1375774796;41.53888;-6.965364;-0.1215685;0.7249901
1375774797;41.53922;-6.966506;-0.1215885;0.7249962
1375774798;41.53971;-6.964297;-0.1215499;0.7250047
1375774800;41.54241;-6.972878;-0.1216997;0.7250519
1381719728;41.53047;-6.964736;-0.1215576;0.7248435
1381719734;41.53065;-6.965563;-0.121572;0.7248467
1381719760;41.53125;-6.966417;-0.1215869;0.724857
1381719761;41.53123;-6.965559;-0.121572;0.7248568
1381719763;41.53123;-6.964734;-0.1215575;0.7248568
1381719766;41.53124;-6.964026;-0.1215452;0.7248569
1381719775;41.53227;-6.974712;-0.1217317;0.7248749
1381719776;41.53244;-6.950089;-0.1213019;0.7248778
1381719778;41.53252;-6.944171;-0.1211987;0.7248793
1381719780;41.53261;-6.973697;-0.121714;0.7248808
1381719782;41.53276;-6.964702;-0.121557;0.7248835
1381719784;41.53278;-6.965529;-0.1215714;0.7248837
1381719792;41.53278;-6.966393;-0.1215865;0.7248838
1381719795;41.53287;-6.975513;-0.1217457;0.7248853
1381719797;41.53291;-6.972885;-0.1216998;0.7248859
1381719798;41.53303;-6.975123;-0.1217389;0.7248881
1381719800;41.53314;-6.967282;-0.121602;0.7248901
1381719802;41.53332;-6.971891;-0.1216825;0.7248932
1381719804;41.53335;-6.963983;-0.1215444;0.7248937
1381719806;41.53336;-6.963047;-0.1215281;0.7248939
1381719809;41.53341;-6.974184;-0.1217225;0.7248948
1381719811;41.53373;-6.965832;-0.1215767;0.7249002
1381719818;41.53376;-6.973398;-0.1217088;0.7249008
1381719820;41.53386;-6.966879;-0.121595;0.7249025
1381719822;41.53404;-6.965053;-0.1215631;0.7249057
1381719824;41.53412;-6.964678;-0.1215566;0.7249072
1381719827;41.53416;-6.97245;-0.1216922;0.7249079
1381719828;41.53414;-6.966145;-0.1215822;0.7249075
1381719829;41.53423;-6.967133;-0.1215994;0.724909
1381719830;41.53447;-6.968293;-0.1216196;0.7249132
1381719831;41.53457;-6.963269;-0.121532;0.724915
1381719832;41.53461;-6.971393;-0.1216738;0.7249158
1381719833;41.53468;-6.969064;-0.1216331;0.7249168
1381719834;41.53474;-6.966485;-0.1215881;0.7249179
1381719846;41.53527;-6.966797;-0.1215935;0.7249273
1381719847;41.53528;-6.964943;-0.1215612;0.7249274
1403389789;41.52538;-6.929964;-0.1209507;0.7247545
1403389825;41.52639;-6.929998;-0.1209513;0.7247723
1403389830;41.52647;-6.931252;-0.1209732;0.7247736
1403389833;41.52647;-6.93024;-0.1209555;0.7247736
1403389851;41.52677;-6.931924;-0.1209849;0.7247789
1403389964;41.53077;-6.965562;-0.121572;0.7248487
1403389966;41.53077;-6.96592;-0.1215782;0.7248487
1403389984;41.53124;-6.965911;-0.1215781;0.7248569
1403390039;41.53257;-6.943906;-0.121194;0.7248802
1403390072;41.53293;-6.955753;-0.1214008;0.7248864
1403390184;41.53416;-6.961092;-0.121494;0.7249079
1403390207;41.5344;-6.967475;-0.1216054;0.724912
1403390249;41.53459;-6.9596;-0.1214679;0.7249153
1403390289;41.53475;-6.960825;-0.1214893;0.7249181
1435220359;41.53952;-6.958428;-0.1214475;0.7250013
1435220360;41.53951;-6.960021;-0.1214753;0.7250012
1435220361;41.53956;-6.959297;-0.1214627;0.7250021
1435220362;41.53962;-6.957845;-0.1214373;0.7250031
1435220363;41.53979;-6.95745;-0.1214304;0.725006
1435220364;41.53996;-6.957032;-0.1214231;0.725009
1435220365;41.54013;-6.957858;-0.1214375;0.725012
1435220366;41.54032;-6.956111;-0.121407;0.7250153
1435220367;41.5404;-6.95823;-0.121444;0.7250168
1435220369;41.54082;-6.958331;-0.1214458;0.725024
1435220370;41.54124;-6.955056;-0.1213886;0.7250314
1435220371;41.54141;-6.958354;-0.1214462;0.7250344
1435220372;41.54168;-6.954647;-0.1213815;0.7250391
1435220373;41.54203;-6.954441;-0.1213779;0.7250451
1435220374;41.54222;-6.958054;-0.1214409;0.7250486
1435220375;41.54247;-6.958084;-0.1214415;0.7250528
1435220376;41.54265;-6.958231;-0.121444;0.7250561
1435220377;41.54277;-6.95387;-0.1213679;0.7250581
1435220378;41.5428;-6.958544;-0.1214495;0.7250586
1435220379;41.54289;-6.953703;-0.121365;0.7250602
1435220380;41.54293;-6.959369;-0.1214639;0.7250609
1435220384;41.54364;-6.959171;-0.1214605;0.7250732
1435220386;41.54409;-6.952332;-0.1213411;0.7250811
1435220388;41.54405;-6.958495;-0.1214486;0.7250805
1435220394;41.54632;-6.951011;-0.121318;0.7251201
1435220398;41.54753;-6.94906;-0.121284;0.7251413
1435220401;41.54825;-6.948192;-0.1212688;0.7251538
1435220406;41.54843;-6.9477;-0.1212602;0.7251568
1435220408;41.54857;-6.946538;-0.12124;0.7251593
1435220411;41.54881;-6.945888;-0.1212286;0.7251636
1435220412;41.54939;-6.944769;-0.1212091;0.7251737
1435220418;41.55008;-6.943773;-0.1211917;0.7251857
1435220419;41.55042;-6.943105;-0.1211801;0.7251915
1435220424;41.55087;-6.941609;-0.1211539;0.7251994
1463979791;41.53376;-6.955278;-0.1213925;0.7249009
1463979792;41.53476;-6.964565;-0.1215546;0.7249184
1463979793;41.53478;-6.970069;-0.1216507;0.7249187
1463979794;41.53481;-6.969735;-0.1216448;0.7249192
1463979795;41.53513;-6.968048;-0.1216154;0.7249247
1463979796;41.53518;-6.967416;-0.1216043;0.7249257
1463979797;41.5352;-6.968865;-0.1216296;0.7249259
1463979798;41.53545;-6.969648;-0.1216433;0.7249303
1463979799;41.53552;-6.965098;-0.1215639;0.7249315
1463979800;41.53555;-6.956808;-0.1214192;0.7249321
1463979802;41.53556;-6.966081;-0.1215811;0.7249323
1463979803;41.53569;-6.965329;-0.1215679;0.7249345
1463979804;41.53593;-6.965673;-0.1215739;0.7249388
1463979805;41.53594;-6.969745;-0.121645;0.7249389
1463979807;41.53622;-6.969107;-0.1216339;0.7249439
1463979810;41.53647;-6.96585;-0.121577;0.7249482
1463979811;41.53642;-6.969322;-0.1216376;0.7249473
1463979812;41.53645;-6.95882;-0.1214543;0.7249478
1463979813;41.53645;-6.957906;-0.1214384;0.7249479
1463979814;41.53657;-6.963884;-0.1215427;0.72495
1463979816;41.53671;-6.965929;-0.1215784;0.7249523
1463979817;41.53677;-6.958112;-0.121442;0.7249534
1463979818;41.53683;-6.957983;-0.1214397;0.7249545
1463979819;41.53687;-6.966335;-0.1215855;0.7249552
1463979821;41.53703;-6.967346;-0.1216031;0.7249579
1463979822;41.53706;-6.957094;-0.1214242;0.7249584
1463979823;41.53714;-6.968529;-0.1216238;0.7249598
1463979825;41.53721;-6.963921;-0.1215433;0.7249611
1463979826;41.53722;-6.954117;-0.1213722;0.7249613
1463979827;41.53721;-6.956086;-0.1214066;0.7249611
1463979828;41.53724;-6.964478;-0.1215531;0.7249616
1463979829;41.53728;-6.954781;-0.1213838;0.7249623
1463979830;41.5373;-6.963262;-0.1215318;0.7249627
1463979832;41.53729;-6.978195;-0.1217925;0.7249625
1463979833;41.5375;-6.97787;-0.1217868;0.7249662
1463979835;41.53771;-6.970498;-0.1216581;0.7249699
1463979836;41.53777;-6.969905;-0.1216478;0.7249708
1463979837;41.5378;-6.970609;-0.1216601;0.7249713
1463979838;41.53791;-6.969903;-0.1216478;0.7249734
1463979840;41.53792;-6.976127;-0.1217564;0.7249735
1463979842;41.53805;-6.968382;-0.1216212;0.7249758
1463979843;41.53806;-6.968414;-0.1216218;0.7249758
1463979844;41.53807;-6.968291;-0.1216196;0.7249762
1463979845;41.53807;-6.968471;-0.1216228;0.7249762
1463979846;41.53817;-6.968231;-0.1216186;0.7249778
1463979847;41.53817;-6.968527;-0.1216237;0.7249778
1463979848;41.53822;-6.968251;-0.1216189;0.7249786
1463979849;41.53825;-6.968468;-0.1216227;0.7249792
1463979851;41.53825;-6.968293;-0.1216197;0.7249792
1463979852;41.53827;-6.968382;-0.1216212;0.7249796
1463979854;41.53854;-6.974231;-0.1217233;0.7249843
1463979855;41.53886;-6.961003;-0.1214924;0.7249898
1463979856;41.53929;-6.96373;-0.12154;0.7249974
1463979857;41.5396;-6.963312;-0.1215327;0.7250029
1463979859;41.53978;-6.962903;-0.1215256;0.725006
1463979861;41.53993;-6.972222;-0.1216882;0.7250086
1463979862;41.53996;-6.971967;-0.1216838;0.7250091
1463979863;41.54004;-6.962324;-0.1215155;0.7250104
1463979865;41.54008;-6.971529;-0.1216761;0.7250112
1463979866;41.54012;-6.971434;-0.1216745;0.7250119
1463979868;41.54013;-6.971738;-0.1216798;0.725012
1463979870;41.54027;-6.971364;-0.1216732;0.7250144
1463979872;41.54025;-6.971807;-0.121681;0.7250142
1463979873;41.54031;-6.965319;-0.1215678;0.7250151
1463979874;41.54031;-6.965433;-0.1215697;0.7250151
1463979875;41.54034;-6.971773;-0.1216804;0.7250156
1463979876;41.54033;-6.961515;-0.1215014;0.7250155
1463979877;41.54035;-6.965244;-0.1215664;0.7250158
1463979879;41.54041;-6.965547;-0.1215717;0.7250168
1463979880;41.54038;-6.971448;-0.1216747;0.7250164
1463979882;41.54039;-6.971687;-0.1216789;0.7250167
1463979883;41.54044;-6.965201;-0.1215657;0.7250174
1463979884;41.54041;-6.971526;-0.1216761;0.7250169
1463979885;41.54051;-6.961015;-0.1214926;0.7250186
1463979886;41.54053;-6.965284;-0.1215671;0.7250191
1463979888;41.54055;-6.965333;-0.121568;0.7250194
1463979890;41.54055;-6.965385;-0.1215689;0.7250195
1463979891;41.54071;-6.96475;-0.1215578;0.7250221
1463979893;41.54076;-6.960301;-0.1214802;0.725023
1463979894;41.54074;-6.961812;-0.1215065;0.7250227
1463979895;41.54095;-6.961306;-0.1214977;0.7250263
1463979896;41.54097;-6.97254;-0.1216938;0.7250266
1463979897;41.54107;-6.964077;-0.1215461;0.7250283
1463979898;41.54113;-6.964128;-0.121547;0.7250295
1463979899;41.54141;-6.96322;-0.1215311;0.7250344
1463979900;41.54161;-6.960674;-0.1214867;0.7250379
1463979902;41.54168;-6.962492;-0.1215184;0.7250391
1463979903;41.54189;-6.96193;-0.1215086;0.7250427
1463979906;41.54229;-6.961156;-0.1214951;0.7250498
1463979908;41.54226;-6.961056;-0.1214933;0.7250491
1463979909;41.54226;-6.961002;-0.1214924;0.7250491
1463979911;41.54228;-6.961098;-0.1214941;0.7250496
1463979912;41.54232;-6.96094;-0.1214913;0.7250502
1463979914;41.54232;-6.961112;-0.1214943;0.7250503
1463979915;41.54235;-6.961096;-0.121494;0.7250508
1463979917;41.54237;-6.960972;-0.1214919;0.725051
1463979918;41.54237;-6.961061;-0.1214934;0.7250512
1463979919;41.54238;-6.961015;-0.1214926;0.7250513
1463979920;41.54247;-6.960183;-0.1214781;0.7250528
1463979921;41.54253;-6.959444;-0.1214652;0.725054
1464892299;41.53827;-6.970882;-0.1216648;0.7249796
1464892301;41.53866;-6.972025;-0.1216848;0.7249864
1464892303;41.53888;-6.973752;-0.1217149;0.7249901
1464892305;41.53892;-6.973358;-0.1217081;0.724991
1464892307;41.53893;-6.972948;-0.1217009;0.7249911
1464892315;41.5426;-6.961194;-0.1214957;0.7250551
1464892317;41.54336;-6.962375;-0.1215164;0.7250684
1494692900;41.53223;-6.964005;-0.1215448;0.7248741
1494692901;41.53223;-6.963135;-0.1215296;0.7248743
1494692903;41.53267;-6.956842;-0.1214198;0.7248819
1494692904;41.53277;-6.965127;-0.1215644;0.7248836
1494692905;41.53278;-6.966069;-0.1215808;0.7248837
1494692906;41.53322;-6.957413;-0.1214298;0.7248915
1494692907;41.53318;-6.965146;-0.1215647;0.7248906
1494692908;41.53328;-6.956845;-0.1214199;0.7248926
1494692909;41.53364;-6.957617;-0.1214333;0.7248988
1494692912;41.53381;-6.957307;-0.1214279;0.7249017
1494692915;41.53408;-6.95681;-0.1214193;0.7249065
1494692917;41.53429;-6.963972;-0.1215442;0.7249101
1494692921;41.53452;-6.955899;-0.1214033;0.7249141
1494692924;41.53488;-6.9585;-0.1214487;0.7249205
1494692926;41.53498;-6.958579;-0.1214501;0.7249221
1494692928;41.53522;-6.970808;-0.1216635;0.7249263
1494692929;41.53542;-6.970967;-0.1216663;0.7249298
1494692930;41.53546;-6.97087;-0.1216646;0.7249305
1494692931;41.53589;-6.969896;-0.1216476;0.7249381
1494692932;41.5359;-6.956339;-0.121411;0.7249382
1494692933;41.53591;-6.956017;-0.1214054;0.7249383
1494692934;41.53596;-6.956764;-0.1214184;0.7249392
1494692936;41.53596;-6.960562;-0.1214847;0.7249393
1494692937;41.536;-6.971439;-0.1216746;0.72494
1494692938;41.53602;-6.95943;-0.121465;0.7249403
1494692939;41.53605;-6.960152;-0.1214776;0.7249408
1494692940;41.53619;-6.957103;-0.1214244;0.7249433
1494692942;41.53616;-6.959591;-0.1214678;0.7249427
1494692943;41.53627;-6.95949;-0.121466;0.7249446
1494692944;41.53632;-6.957747;-0.1214356;0.7249455
1494692945;41.53644;-6.957313;-0.121428;0.7249477
1494692946;41.53647;-6.953994;-0.1213701;0.7249482
1494692947;41.53652;-6.956137;-0.1214075;0.7249491
1494692949;41.53658;-6.95636;-0.1214114;0.7249501
1494692950;41.53658;-6.958008;-0.1214402;0.7249501
1494692951;41.5366;-6.955974;-0.1214046;0.7249505
1494692952;41.53662;-6.95639;-0.1214119;0.7249507
1494692953;41.53661;-6.958978;-0.1214571;0.7249506
1494692954;41.53668;-6.956455;-0.121413;0.7249518
1494692955;41.5367;-6.955802;-0.1214016;0.7249522
1494692957;41.53672;-6.955914;-0.1214036;0.7249525
1494692958;41.53675;-6.954265;-0.1213748;0.7249531
1494692959;41.53677;-6.954114;-0.1213722;0.7249534
1494692960;41.5369;-6.956514;-0.1214141;0.7249556
1494692961;41.537;-6.956545;-0.1214146;0.7249575
1494692962;41.53714;-6.95659;-0.1214154;0.7249598
1494692964;41.53724;-6.954268;-0.1213749;0.7249615
1494692965;41.5376;-6.965441;-0.1215699;0.7249678
1494692967;41.5378;-6.964224;-0.1215486;0.7249714
1494692968;41.53785;-6.964075;-0.121546;0.7249723
1494692969;41.53787;-6.964653;-0.1215561;0.7249727
1494692970;41.53796;-6.961587;-0.1215026;0.7249741
1494692971;41.53806;-6.968336;-0.1216204;0.7249758
1494692972;41.53808;-6.961913;-0.1215083;0.7249763
1494692973;41.5381;-6.96826;-0.1216191;0.7249765
1494692974;41.53811;-6.968513;-0.1216235;0.7249768
1494692975;41.53817;-6.951846;-0.1213326;0.7249779
1494692976;41.53821;-6.96851;-0.1216234;0.7249786
1494692977;41.53825;-6.965548;-0.1215717;0.7249792
1494692979;41.53827;-6.968428;-0.121622;0.7249795
1494692980;41.53827;-6.968332;-0.1216203;0.7249795
1494692981;41.53833;-6.964005;-0.1215448;0.7249807
1494692983;41.53854;-6.964169;-0.1215477;0.7249842
1494692986;41.53907;-6.960291;-0.12148;0.7249935
1494692988;41.53909;-6.960185;-0.1214781;0.7249938
1494692993;41.53918;-6.964977;-0.1215618;0.7249954
1494692998;41.53929;-6.960164;-0.1214778;0.7249974
1494693001;41.53945;-6.960085;-0.1214764;0.7250002
1494693005;41.53969;-6.954156;-0.1213729;0.7250044
1494693014;41.54019;-6.953924;-0.1213689;0.7250131
1494693019;41.54035;-6.960095;-0.1214766;0.7250159
1494693020;41.54042;-6.960125;-0.1214771;0.7250171
1494693022;41.54067;-6.95718;-0.1214257;0.7250215
1494693023;41.54068;-6.957389;-0.1214294;0.7250217
1494693024;41.5407;-6.959797;-0.1214714;0.725022
1494693025;41.54075;-6.953525;-0.1213619;0.7250229
1494693026;41.54076;-6.957049;-0.1214234;0.725023
1494693028;41.54082;-6.95779;-0.1214363;0.725024
1494693029;41.54086;-6.958115;-0.121442;0.7250248
1494693031;41.54096;-6.957006;-0.1214227;0.7250265
1494693032;41.54105;-6.953241;-0.121357;0.725028
1494693033;41.54108;-6.957198;-0.121426;0.7250286
1494693034;41.54108;-6.95735;-0.1214287;0.7250287
1494693035;41.54109;-6.957098;-0.1214243;0.7250288
1494693036;41.54114;-6.957483;-0.121431;0.7250297
1494693037;41.54124;-6.957505;-0.1214314;0.7250314
1494693039;41.54132;-6.957119;-0.1214246;0.7250328
1494693041;41.54142;-6.957495;-0.1214312;0.7250345
1494693042;41.54147;-6.952932;-0.1213516;0.7250355
1494693043;41.5415;-6.957168;-0.1214255;0.7250359
1494693044;41.54152;-6.957429;-0.12143;0.7250363
1494693045;41.54154;-6.957301;-0.1214278;0.7250367
1494693046;41.54172;-6.952833;-0.1213498;0.7250398
1494693048;41.54202;-6.95542;-0.121395;0.725045
1494693049;41.54218;-6.956271;-0.1214098;0.7250478
1494693051;41.54225;-6.956453;-0.121413;0.725049
1494693052;41.54225;-6.955123;-0.1213898;0.725049
1494693053;41.54233;-6.956488;-0.1214136;0.7250504
1494693054;41.54235;-6.955413;-0.1213949;0.7250507
1494693055;41.54241;-6.955618;-0.1213984;0.7250519
1494693057;41.54246;-6.952713;-0.1213477;0.7250527
1494693059;41.54253;-6.960203;-0.1214785;0.7250539
1494693060;41.54263;-6.956022;-0.1214055;0.7250556
1494693061;41.54264;-6.959424;-0.1214649;0.7250558
1494693062;41.54287;-6.960292;-0.12148;0.7250598
1494693063;41.54304;-6.954714;-0.1213827;0.7250628
1494693064;41.54306;-6.960339;-0.1214808;0.7250633
1494693067;41.54317;-6.960218;-0.1214787;0.7250652
1494693069;41.54333;-6.955327;-0.1213934;0.725068
1494693070;41.5434;-6.952498;-0.121344;0.725069
1494693083;41.54434;-6.952162;-0.1213381;0.7250855
1494693105;41.54606;-6.95123;-0.1213218;0.7251155
1494693109;41.5471;-6.975468;-0.1217449;0.7251336
1495156529;41.53367;-6.952507;-0.1213441;0.7248993
1495156531;41.53378;-6.953653;-0.1213641;0.7249013
1495156532;41.53381;-6.950644;-0.1213116;0.7249017
1495156533;41.53393;-6.955413;-0.1213949;0.7249038
1495156534;41.53395;-6.950058;-0.1213014;0.7249041
1495156537;41.53407;-6.949965;-0.1212998;0.7249062
1495156539;41.53421;-6.949941;-0.1212994;0.7249088
1495156540;41.53458;-6.950005;-0.1213005;0.7249152
1495156541;41.53552;-6.949986;-0.1213001;0.7249316
1495156542;41.53564;-6.949883;-0.1212983;0.7249337
1495156543;41.53581;-6.948973;-0.1212825;0.7249366
1495156544;41.53584;-6.949541;-0.1212924;0.7249371
1495156545;41.53596;-6.94873;-0.1212782;0.7249392
1495156549;41.53632;-6.948318;-0.121271;0.7249455
1495156552;41.53706;-6.958237;-0.1214441;0.7249585
1495156553;41.53738;-6.958393;-0.1214469;0.724964
1495156555;41.53744;-6.958532;-0.1214493;0.7249651
1495156556;41.53751;-6.958399;-0.121447;0.7249662
1495156557;41.53758;-6.956226;-0.1214091;0.7249676
1495156561;41.53764;-6.956388;-0.1214119;0.7249686
1495156562;41.538;-6.958401;-0.121447;0.7249748
1495156563;41.53802;-6.959072;-0.1214587;0.7249752
1495156565;41.53809;-6.959571;-0.1214674;0.7249765
1495156566;41.53808;-6.958401;-0.121447;0.7249763
1495156567;41.53825;-6.963199;-0.1215307;0.7249792
1495156572;41.53839;-6.963011;-0.1215275;0.7249816
1495156573;41.53863;-6.958405;-0.1214471;0.7249858
1495156574;41.53868;-6.958547;-0.1214496;0.7249868
1495156575;41.53867;-6.958282;-0.1214449;0.7249866
1495156576;41.53875;-6.95857;-0.12145;0.7249879
1495156577;41.53872;-6.958251;-0.1214444;0.7249875
1495156578;41.5388;-6.960228;-0.1214789;0.7249888
1495156583;41.53885;-6.958492;-0.1214486;0.7249897
1495156584;41.53883;-6.958285;-0.121445;0.7249893
1495156585;41.53887;-6.958412;-0.1214472;0.72499
1495156586;41.53938;-6.964715;-0.1215572;0.724999
1495156587;41.53948;-6.964589;-0.121555;0.7250007
1495156589;41.54012;-6.970384;-0.1216561;0.7250118
1495156590;41.54018;-6.963447;-0.1215351;0.7250129
1495156595;41.54023;-6.96854;-0.121624;0.7250137
1495156596;41.54029;-6.967271;-0.1216018;0.7250149
1495156597;41.54029;-6.968545;-0.1216241;0.7250149
1495156598;41.54045;-6.967035;-0.1215977;0.7250177
1495156599;41.54045;-6.968675;-0.1216263;0.7250177
1495156600;41.54048;-6.969057;-0.121633;0.7250182
1495156604;41.54053;-6.966679;-0.1215915;0.7250191
1495156605;41.54056;-6.972126;-0.1216866;0.7250196
1495156606;41.54055;-6.965734;-0.121575;0.7250195
1495156607;41.54059;-6.965907;-0.121578;0.7250201
1495156612;41.54068;-6.972021;-0.1216847;0.7250217
1495156616;41.54082;-6.972427;-0.1216918;0.725024
1495156619;41.5415;-6.972119;-0.1216864;0.725036
1495156620;41.54163;-6.972079;-0.1216857;0.7250382
1495156621;41.54168;-6.971252;-0.1216713;0.7250391
1495156622;41.54169;-6.971962;-0.1216837;0.7250393
1495156624;41.54179;-6.970714;-0.1216619;0.7250411
1495156627;41.54205;-6.963544;-0.1215368;0.7250456
1495156629;41.54284;-6.958757;-0.1214532;0.7250593
1495156630;41.54283;-6.961553;-0.121502;0.7250592
1495156631;41.54353;-6.958536;-0.1214494;0.7250714
1682053047;41.53265;-6.949459;-0.1212909;0.7248814
1682053123;41.53621;-6.956398;-0.121412;0.7249436
1682053124;41.53622;-6.956078;-0.1214065;0.7249438
1682053128;41.53627;-6.956614;-0.1214158;0.7249447
1682053131;41.53645;-6.956873;-0.1214203;0.7249478
1682053133;41.53654;-6.956944;-0.1214216;0.7249495
1682053251;41.5402;-6.971797;-0.1216808;0.7250132
1682053258;41.54033;-6.971391;-0.1216737;0.7250155
1912633569;41.54397;-6.957887;-0.121438;0.725079
1914131937;41.54911;-6.94532;-0.1212187;0.7251687
1915352947;41.54849;-6.946943;-0.121247;0.725158
1915355191;41.54868;-6.946253;-0.121235;0.7251612
1948842551;41.52694;-6.932098;-0.1209879;0.7247818
1948842729;41.52947;-6.932486;-0.1209947;0.724826
1948842843;41.53216;-6.950888;-0.1213159;0.7248729
1948842865;41.53307;-6.955911;-0.1214035;0.7248888
1948842867;41.53323;-6.955986;-0.1214048;0.7248915
1948842869;41.53327;-6.963036;-0.1215279;0.7248923
1948842871;41.53348;-6.962862;-0.1215249;0.724896
1948842873;41.53352;-6.963068;-0.1215285;0.7248966
1948842875;41.53353;-6.94666;-0.1212421;0.7248968
1948842878;41.53357;-6.96286;-0.1215248;0.7248976
1948842880;41.53361;-6.962949;-0.1215264;0.7248983
1948842888;41.53413;-6.956732;-0.1214179;0.7249073
1948842909;41.53438;-6.963184;-0.1215305;0.7249116
1948842932;41.53483;-6.958461;-0.1214481;0.7249196
1948842948;41.53495;-6.963573;-0.1215373;0.7249217
1948842949;41.53496;-6.96365;-0.1215386;0.7249218
1948842950;41.53497;-6.963498;-0.121536;0.7249219
1948842951;41.53499;-6.963717;-0.1215398;0.7249223
1948842952;41.53501;-6.963439;-0.1215349;0.7249227
1948842953;41.53503;-6.963765;-0.1215406;0.7249231
1948842956;41.53506;-6.963401;-0.1215343;0.7249235
1948842957;41.53509;-6.963786;-0.121541;0.724924
1948842958;41.53511;-6.963392;-0.1215341;0.7249245
1948842963;41.53514;-6.963778;-0.1215408;0.724925
1948842988;41.53517;-6.963414;-0.1215345;0.7249255
1948842989;41.5352;-6.96374;-0.1215402;0.7249259
1948842990;41.53521;-6.963213;-0.121531;0.7249261
1948842991;41.53521;-6.957634;-0.1214336;0.7249262
1948842992;41.53521;-6.963462;-0.1215353;0.7249262
1948842993;41.53523;-6.96368;-0.1215391;0.7249266
1948842995;41.53524;-6.963529;-0.1215365;0.7249268
1948842996;41.53525;-6.963606;-0.1215378;0.7249268
1948842997;41.53527;-6.957683;-0.1214345;0.7249273
1948842999;41.53528;-6.963291;-0.1215324;0.7249274
1948843001;41.53531;-6.963763;-0.1215406;0.7249278
1948843007;41.53533;-6.963032;-0.1215278;0.7249282
1948843031;41.53541;-6.963899;-0.121543;0.7249296
1948843045;41.5365;-6.958704;-0.1214523;0.7249488
1948843082;41.5385;-6.961848;-0.1215072;0.7249836
1948843084;41.53899;-6.960912;-0.1214908;0.7249922
1948843189;41.5446;-6.9723;-0.1216896;0.7250901
1948843191;41.54488;-6.972352;-0.1216905;0.7250949
1948843237;41.54835;-6.947974;-0.121265;0.7251555
2714947457;41.54008;-6.971641;-0.1216781;0.7250112
2714947458;41.54018;-6.971189;-0.1216702;0.7250129
2716205344;41.53371;-6.962419;-0.1215171;0.7249001
2722941418;41.54021;-6.970304;-0.1216548;0.7250134
2722941419;41.54034;-6.965504;-0.121571;0.7250157
2722941420;41.54039;-6.965213;-0.1215659;0.7250166
2722941423;41.54047;-6.965539;-0.1215716;0.725018
2722941424;41.54048;-6.968854;-0.1216294;0.7250182
2722941426;41.5405;-6.965238;-0.1215663;0.7250186
2722941428;41.54054;-6.965466;-0.1215703;0.7250192
2795602180;41.54053;-6.96509;-0.1215637;0.725019
2795602181;41.54061;-6.965155;-0.1215649;0.7250203
2795603117;41.53725;-6.958343;-0.121446;0.7249618
2795603118;41.53773;-6.960158;-0.1214777;0.7249702
2795603119;41.53954;-6.958138;-0.1214424;0.7250018
2795603120;41.53987;-6.95749;-0.1214311;0.7250075
2795603121;41.54002;-6.957637;-0.1214337;0.7250102
2795603122;41.54047;-6.955909;-0.1214035;0.7250179
2801634161;41.53786;-6.960988;-0.1214922;0.7249724
2801647303;41.53412;-6.959811;-0.1214716;0.7249072
2801647305;41.53439;-6.959942;-0.1214739;0.7249119
2873380929;41.53275;-6.953277;-0.1213576;0.7248833
2875447012;41.54147;-6.963262;-0.1215318;0.7250354
2875447013;41.54228;-6.960957;-0.1214916;0.7250496
2875447014;41.54234;-6.960948;-0.1214915;0.7250507
2937085686;41.53807;-6.959225;-0.1214614;0.724976
2937085688;41.53817;-6.959334;-0.1214633;0.7249779
2937085689;41.5383;-6.959351;-0.1214636;0.7249801
2937085690;41.5384;-6.959334;-0.1214633;0.7249819
2937085692;41.53848;-6.959554;-0.1214671;0.7249833
2937085693;41.53849;-6.959275;-0.1214623;0.7249835
3088349660;41.5423;-6.959488;-0.121466;0.72505
3088349661;41.54223;-6.959689;-0.1214695;0.7250487
3088349662;41.54172;-6.95978;-0.1214711;0.7250398
3088349663;41.54162;-6.959616;-0.1214682;0.725038
3130929233;41.5373;-6.962377;-0.1215164;0.7249627
3130929234;41.53756;-6.963042;-0.121528;0.7249671
3130934354;41.53758;-6.965387;-0.1215689;0.7249676
3130934355;41.53825;-6.964989;-0.121562;0.7249793
3130945862;41.53293;-6.957408;-0.1214297;0.7248864
3130945863;41.53268;-6.958704;-0.1214523;0.724882
3130945864;41.53265;-6.958756;-0.1214532;0.7248814
3130945865;41.53257;-6.958802;-0.121454;0.7248802
3130945866;41.53239;-6.960177;-0.121478;0.7248769
3130945867;41.53399;-6.959824;-0.1214718;0.7249048
3130945868;41.53376;-6.959824;-0.1214718;0.7249009
3130945869;41.53362;-6.959824;-0.1214718;0.7248985
3130945870;41.53351;-6.959824;-0.1214718;0.7248966
3130945871;41.53345;-6.959866;-0.1214726;0.7248955
3130945872;41.53339;-6.959902;-0.1214732;0.7248944
3130945873;41.53331;-6.96001;-0.1214751;0.7248929
3130945874;41.53325;-6.960075;-0.1214762;0.724892
3130945875;41.5332;-6.960129;-0.1214772;0.724891
3130945876;41.53313;-6.960141;-0.1214774;0.7248899
3130945877;41.53301;-6.960171;-0.1214779;0.7248877
3130945878;41.53277;-6.960177;-0.121478;0.7248836
3130945879;41.53255;-6.960171;-0.1214779;0.7248797
3130945880;41.53245;-6.960184;-0.1214781;0.724878
3130945881;41.53226;-6.960159;-0.1214777;0.7248747
3130945882;41.53181;-6.960143;-0.1214774;0.7248669
3130945883;41.53172;-6.96013;-0.1214772;0.7248653
3130945884;41.53161;-6.960122;-0.121477;0.7248633
3130945885;41.5313;-6.960086;-0.1214764;0.7248579
3130945886;41.53074;-6.96001;-0.1214751;0.7248481
3130945887;41.53062;-6.959972;-0.1214744;0.7248461
3130945888;41.53051;-6.959915;-0.1214734;0.7248442
3130945889;41.5303;-6.959771;-0.1214709;0.7248405
3130945890;41.53019;-6.959695;-0.1214696;0.7248386
3130945891;41.53009;-6.95959;-0.1214678;0.7248368
3130945892;41.53001;-6.959523;-0.1214666;0.7248353
3130945893;41.52985;-6.959475;-0.1214658;0.7248326
3130945894;41.52971;-6.959427;-0.1214649;0.7248302
3130945895;41.5296;-6.95938;-0.1214641;0.7248282
3130945896;41.52941;-6.959246;-0.1214618;0.724825
3130945897;41.52888;-6.958902;-0.1214558;0.7248158
3130945898;41.52883;-6.958831;-0.1214545;0.7248148
3130945899;41.52871;-6.958797;-0.1214539;0.7248128
3130945900;41.52845;-6.958874;-0.1214553;0.7248081
3130945901;41.52834;-6.958921;-0.1214561;0.7248062
3130945902;41.52819;-6.959017;-0.1214578;0.7248037
3130945903;41.52805;-6.959045;-0.1214583;0.7248012
3130945904;41.52785;-6.959026;-0.1214579;0.7247977
3130945905;41.52762;-6.958979;-0.1214571;0.7247937
3130945906;41.52729;-6.958836;-0.1214546;0.724788
3130945907;41.52705;-6.958635;-0.1214511;0.7247838
3130945908;41.52678;-6.958348;-0.1214461;0.7247791
3130945909;41.52653;-6.958033;-0.1214406;0.7247747
3130945910;41.52643;-6.957995;-0.1214399;0.724773
3130945911;41.52633;-6.958052;-0.1214409;0.7247711
3130945913;41.53363;-6.955148;-0.1213902;0.7248986
3130945914;41.53347;-6.955012;-0.1213879;0.7248958
3130945915;41.53339;-6.955272;-0.1213924;0.7248944
3130945916;41.5333;-6.955576;-0.1213977;0.7248928
3130945917;41.53322;-6.955847;-0.1214024;0.7248914
3130945918;41.53318;-6.955968;-0.1214045;0.7248906
3130971484;41.53922;-6.96018;-0.1214781;0.7249961
3130971509;41.53859;-6.962746;-0.1215228;0.7249851
3130971510;41.53989;-6.964575;-0.1215548;0.7250078
3130971511;41.54056;-6.963718;-0.1215398;0.7250195
3130971520;41.53732;-6.965578;-0.1215723;0.7249629
3130972236;41.5391;-6.96044;-0.1214826;0.7249941
3130978501;41.53201;-6.952667;-0.1213469;0.7248703
3130978502;41.53227;-6.952679;-0.1213471;0.7248749
3130978503;41.53259;-6.952975;-0.1213523;0.7248804
3130978504;41.53272;-6.952965;-0.1213521;0.7248828
3130978505;41.53298;-6.952589;-0.1213456;0.7248873
3130978506;41.53322;-6.952871;-0.1213505;0.7248914
3130978507;41.53294;-6.953259;-0.1213573;0.7248866
3130978862;41.53208;-6.951532;-0.1213271;0.7248715
3165547775;41.53312;-6.953009;-0.1213529;0.7248897
3165547776;41.53288;-6.95273;-0.121348;0.7248855
3165547777;41.5328;-6.952856;-0.1213502;0.7248841
3165547778;41.53302;-6.953145;-0.1213553;0.724888
3165547779;41.53234;-6.952713;-0.1213477;0.7248762
3165547780;41.53253;-6.952941;-0.1213517;0.7248794
3165547785;41.53356;-6.953283;-0.1213577;0.7248974
3165547786;41.53358;-6.953348;-0.1213588;0.7248977
3165547787;41.53357;-6.953413;-0.1213599;0.7248974
3165547788;41.53318;-6.954001;-0.1213702;0.7248906
3165547789;41.53284;-6.953406;-0.1213598;0.7248847
3165547790;41.53265;-6.952981;-0.1213524;0.7248814
3167391961;41.52979;-6.963243;-0.1215315;0.7248316
3416763947;41.5377;-6.960085;-0.1214764;0.7249696
3416765804;41.53955;-6.959881;-0.1214728;0.7250019
3416765805;41.53958;-6.959688;-0.1214695;0.7250024
3548511635;41.53341;-6.962959;-0.1215266;0.7248948
3548511636;41.53363;-6.962624;-0.1215207;0.7248987
3548511637;41.53367;-6.963041;-0.121528;0.7248993
3548511638;41.53367;-6.962588;-0.1215201;0.7248993
3548511639;41.53374;-6.96218;-0.121513;0.7249005
3548511640;41.53375;-6.962245;-0.1215141;0.7249007
3548511641;41.53434;-6.959505;-0.1214663;0.724911
3548511642;41.53442;-6.959641;-0.1214687;0.7249124
3548511643;41.53442;-6.959567;-0.1214674;0.7249125
3775014724;41.53612;-6.959822;-0.1214718;0.724942
3775014725;41.53657;-6.959054;-0.1214584;0.72495
3775022825;41.53875;-6.96125;-0.1214967;0.724988
3775022826;41.53891;-6.960946;-0.1214914;0.7249908
3957524533;41.53763;-6.956286;-0.1214101;0.7249684
3957525129;41.53721;-6.960317;-0.1214805;0.7249611
3957525130;41.53735;-6.959709;-0.1214698;0.7249634
3957525970;41.53864;-6.958336;-0.1214459;0.724986
3957525971;41.53864;-6.958487;-0.1214485;0.7249861
3957525972;41.53878;-6.958253;-0.1214444;0.7249884
3957525973;41.53881;-6.958549;-0.1214496;0.7249889
3957525974;41.53886;-6.958342;-0.121446;0.7249898
3958211081;41.54161;-6.962672;-0.1215215;0.7250379
3958849196;41.54216;-6.960956;-0.1214916;0.7250475
3958849197;41.54223;-6.961112;-0.1214943;0.7250487
3958849198;41.54234;-6.960837;-0.1214895;0.7250505
3958849199;41.54239;-6.960857;-0.1214899;0.7250515
3958849200;41.54246;-6.961103;-0.1214942;0.7250527
3958849201;41.54254;-6.959617;-0.1214682;0.7250541
3958849202;41.54254;-6.959527;-0.1214667;0.7250541
3958849203;41.54261;-6.959624;-0.1214684;0.7250553
3958850041;41.54119;-6.9638;-0.1215412;0.7250305
3958850042;41.54125;-6.963847;-0.1215421;0.7250316
3958850043;41.54166;-6.962566;-0.1215197;0.7250387
3958850044;41.54172;-6.962615;-0.1215206;0.7250398
3958855975;41.54588;-6.973973;-0.1217188;0.7251124
3958855980;41.5463;-6.974653;-0.1217307;0.7251198
3958855984;41.54653;-6.97494;-0.1217357;0.7251237
4022828194;41.53791;-6.961309;-0.1214978;0.7249733
4022828195;41.53811;-6.96186;-0.1215074;0.7249768
4022828196;41.53822;-6.961249;-0.1214967;0.7249787
4221533278;41.54231;-6.959572;-0.1214674;0.7250501
4221620205;41.54163;-6.959684;-0.1214694;0.7250382
4221622791;41.5429;-6.959153;-0.1214601;0.7250603
4221634289;41.54306;-6.959337;-0.1214634;0.7250633
4323276590;41.5401;-6.970805;-0.1216635;0.7250116
4323290192;41.53997;-6.971847;-0.1216817;0.7250093
4323290193;41.54005;-6.971632;-0.1216779;0.7250106
4323290194;41.54008;-6.971834;-0.1216815;0.7250112
4323290195;41.54013;-6.971364;-0.1216733;0.7250121
4323290196;41.54013;-6.971809;-0.121681;0.7250121
4323290197;41.54023;-6.971304;-0.1216722;0.7250139
4323290198;41.54055;-6.97156;-0.1216767;0.7250194
4323290199;41.54059;-6.971967;-0.1216838;0.7250201
4323521307;41.54223;-6.959502;-0.1214662;0.7250487
4323536791;41.53403;-6.9569;-0.1214208;0.7249057
4323536792;41.5326;-6.958766;-0.1214534;0.7248806
4323547892;41.53995;-6.972101;-0.1216861;0.7250089
4323547893;41.54013;-6.971187;-0.1216702;0.7250121
4323547894;41.54057;-6.971623;-0.1216778;0.7250198
4323551393;41.54066;-6.972256;-0.1216888;0.7250214
4323551395;41.53424;-6.956827;-0.1214195;0.7249092
4323551403;41.54113;-6.972636;-0.1216955;0.7250295
4323560190;41.54019;-6.971375;-0.1216734;0.7250131
4323560191;41.5404;-6.971778;-0.1216805;0.7250167
4323560192;41.54057;-6.971791;-0.1216807;0.7250197
4323560193;41.54061;-6.972056;-0.1216853;0.7250203
4323560195;41.53403;-6.956648;-0.1214164;0.7249056
4323560196;41.53418;-6.956618;-0.1214159;0.7249082
4323563890;41.53995;-6.972169;-0.1216873;0.7250088
4323563891;41.54033;-6.971844;-0.1216816;0.7250156
4323563892;41.54044;-6.971934;-0.1216832;0.7250174
4323563893;41.54051;-6.971535;-0.1216762;0.7250186
4323563989;41.54001;-6.971893;-0.1216825;0.7250099
4323564289;41.54041;-6.971608;-0.1216775;0.725017
4323564290;41.5342;-6.956909;-0.121421;0.7249085
4323569090;41.53398;-6.956725;-0.1214178;0.7249047
4725030789;41.53381;-6.963121;-0.1215294;0.7249018
4725031189;41.53419;-6.963157;-0.12153;0.7249084
4725031989;41.53336;-6.962999;-0.1215273;0.7248939
4725031990;41.53336;-6.963203;-0.1215308;0.7248938